%YAML:1.0
---
R: !!opencv-matrix
   rows: 3
   cols: 3
   dt: d
   data: [ 9.9175680751457895e-01, 8.4270498235637266e-03,
       -1.2785702788568754e-01, -5.6843637914454070e-04,
       9.9811452676305179e-01, 6.1376447800863113e-02,
       1.2813317926506457e-01, -6.0797831341589670e-02,
       9.8989166683813756e-01 ]
T: !!opencv-matrix
   rows: 3
   cols: 1
   dt: d
   data: [ 1.0258686247854257e+01, 8.1363506576909239e-01,
       2.7934454145202894e+00 ]
R1: !!opencv-matrix
   rows: 3
   cols: 3
   dt: d
   data: [ 9.8764845088183650e-01, 6.8338691070456412e-02,
       1.4099773322108861e-01, -7.2967422635432044e-02,
       9.9694350450973424e-01, 2.7917808828625365e-02,
       -1.3865890777245715e-01, -3.7861221832188187e-02,
       9.8961620599943845e-01 ]
R2: !!opencv-matrix
   rows: 3
   cols: 3
   dt: d
   data: [ 9.6205541703955011e-01, 7.6302365001192113e-02,
       2.6196817295252112e-01, -6.7534133603610255e-02,
       9.9681876748703480e-01, -4.2325944573495027e-02,
       -2.6436436095522947e-01, 2.3028110666177395e-02,
       9.6414790917985160e-01 ]
P1: !!opencv-matrix
   rows: 3
   cols: 4
   dt: d
   data: [ -1.4592062518537909e+03, 0., -8.7908682823181152e+01, 0., 0.,
       -1.4592062518537909e+03, 1.8671314620971680e+02, 0., 0., 0., 1.,
       0. ]
P2: !!opencv-matrix
   rows: 3
   cols: 4
   dt: d
   data: [ -1.4592062518537909e+03, 0., -8.7908682823181152e+01,
       -1.5559955116452549e+04, 0., -1.4592062518537909e+03,
       1.8671314620971680e+02, 0., 0., 0., 1., 0. ]
Q: !!opencv-matrix
   rows: 4
   cols: 4
   dt: d
   data: [ 1., 0., 0., 8.7908682823181152e+01, 0., 1., 0.,
       -1.8671314620971680e+02, 0., 0., 0., -1.4592062518537909e+03, 0.,
       0., -9.3779592610191892e-02, 0. ]
