%YAML:1.0
---
M1: !!opencv-matrix
   rows: 3
   cols: 3
   dt: d
   data: [ 1.4898232140094522e+03, 0., 2.8634061743021419e+02, 0.,
       1.4898232140094522e+03, 2.0874882114198462e+02, 0., 0., 1. ]
D1: !!opencv-matrix
   rows: 1
   cols: 14
   dt: d
   data: [ -5.7731484683104550e-01, 2.8055685610906949e+01, 0., 0., 0.,
       0., 0., 3.9606186249368733e+02, 0., 0., 0., 0., 0., 0. ]
M2: !!opencv-matrix
   rows: 3
   cols: 3
   dt: d
   data: [ 1.4898232140094522e+03, 0., 2.7881932804193679e+02, 0.,
       1.4898232140094522e+03, 2.0635140725268636e+02, 0., 0., 1. ]
D2: !!opencv-matrix
   rows: 1
   cols: 14
   dt: d
   data: [ 3.6176863130688491e-01, -1.0211587990920279e+01, 0., 0., 0.,
       0., 0., -1.9790971558824802e+02, 0., 0., 0., 0., 0., 0. ]
